Results calculated with EasyCalib (with WB's plugin)


Camera intrinsics:
832.5 0.204513 303.959 
0.0 832.53 206.585 
0.0 0.0 1.0 

k1 = -0.228601, k2 = 0.190335
View matrix 1:
0.992759 -0.026319 0.117201 -3.84019 
0.0139247 0.994339 0.105341 3.65164 
-0.11931 -0.102947 0.987505 12.791 
View matrix 2:
0.997397 -0.00482567 0.0719419 -3.71693 
0.0175609 0.983971 -0.17746 3.76928 
-0.0699324 0.178262 0.981495 13.1974 
View matrix 3:
0.915213 -0.0356649 0.401389 -2.94409 
-0.0080754 0.994252 0.106756 3.77652 
-0.40289 -0.100946 0.909665 14.2456 
View matrix 4:
0.986617 -0.0175461 -0.16211 -3.40697 
0.0337573 0.994634 0.0977952 3.6362 
0.159524 -0.101959 0.981915 12.4551 
View matrix 5:
0.967585 -0.196899 -0.158144 -4.07238 
0.191542 0.980281 -0.0485829 3.21033 
0.164592 0.0167169 0.98622 14.3441 
